0,0.348600	
0,0.396900	
0,0.405700	
0,0.430400	
0,0.434600	
0,0.532400	
0,0.575800	
0,0.578600	
0,0.656000	
0,0.680700	
0,0.716700	
0,0.730000	
0,0.749900	
0,0.754300	
0,0.802000	
0,0.961500	
0,1.000200	
0,1.013100	
0,1.039400	
0,1.323800	
0,1.386300	
0,1.423800	
0,1.549600	
0,2.061000	
0,2.341500	
0,3.561300	
0,3.907900	
0,3.958700	
10,5.170100	
100293,2.205200	
101491,1.485900	
102680,1.671300	
104977,1.008300	
1054,6.668200	
106057,0.960300	
107044,1.033900	
108052,1.237300	
109163,1.513300	
111002,1.160300	
112032,0.921200	
112960,1.300200	
113836,3.971100	
114613,3.384800	
116069,3.811300	
116838,2.471700	
117591,1.056400	
118317,0.854100	
119024,2.306200	
12,2.705400	
12,3.171300	
120185,1.342100	
121018,0.885100	
121785,2.661200	
12382,3.967000	
124249,2.042900	
124882,2.248500	
126009,1.793900	
127309,2.087700	
127951,0.878000	
128674,1.313400	
130177,0.865200	
131133,1.301800	
132079,1.118600	
132920,2.017500	
133748,1.605100	
135235,2.679800	
1353,5.448800	
136187,2.333300	
137156,1.163100	
138113,0.679500	
139009,0.864400	
140724,1.347600	
141851,0.903200	
142982,0.805600	
144095,1.752300	
145238,0.845400	
14616,3.623000	
148248,0.844100	
149567,0.851800	
15,2.856600	
150961,1.162600	
152219,1.447800	
153643,1.587200	
155715,0.553500	
157064,0.622200	
158308,0.403900	
159367,0.989700	
160716,0.713200	
162,7.102400	
162744,0.829800	
164187,1.619100	
165657,0.966500	
166859,0.708300	
16701,3.629400	
168024,0.500800	
170114,0.247600	
171452,0.735500	
172737,0.880800	
173769,1.074600	
174923,0.609900	
1765,3.751800	
176807,0.554700	
178015,0.534600	
179199,1.070200	
180317,0.947700	
181315,0.712800	
183038,0.613200	
184128,0.953100	
185196,1.492200	
186269,3.855500	
187242,3.750300	
18821,2.024100	
189059,1.503600	
190216,1.719100	
191119,2.821900	
192335,1.744300	
193866,1.170500	
195138,0.887100	
196116,1.303600	
196947,1.384900	
197885,2.081100	
199188,1.718700	
200125,1.497700	
201211,2.734200	
202086,2.146500	
202931,2.423500	
204304,0.834800	
205224,0.906600	
206191,1.588900	
207034,1.057000	
207891,1.360000	
209340,1.256200	
210060,2.259500	
211047,1.232100	
211965,0.557000	
212,6.149600	
212875,0.701500	
214222,1.435400	
215045,0.938000	
216050,1.348000	
216842,1.395300	
217718,1.010700	
219290,2.361100	
220218,1.200200	
221421,0.924400	
222240,1.314200	
223157,0.750700	
224894,2.224700	
26,4.520400	
26613,2.202700	
277,6.474300	
29318,1.666600	
31,5.281400	
32070,1.443000	
3354,3.381000	
34418,1.507100	
36707,1.700700	
37,4.189600	
42016,1.706100	
4289,2.686400	
43,6.921300	
44688,2.098500	
47059,1.404300	
49228,1.801900	
50,8.519900	
51360,1.811500	
5325,3.012700	
56022,1.220100	
579,4.752700	
58416,2.077000	
6,4.901000	
60930,1.463100	
63140,1.311500	
64902,1.654900	
6541,3.149400	
68905,1.647900	
71139,1.208800	
73847,1.507400	
75805,0.883900	
77380,1.006600	
785,4.490200	
7932,3.110200	
80634,1.399800	
82286,2.593300	
84053,2.826000	
85789,3.083200	
87377,1.704300	
90284,1.861100	
91,7.256700	
91804,1.419700	
93286,0.902600	
94596,1.344500	
95884,0.785900	
98808,1.116800	
