0,-0.007200	
0,-0.108700	
0,-0.213600	
0,-0.234700	
0,-0.241200	
0,-0.248300	
0,-0.488200	
0,-0.677000	
0,-0.748800	
0,-0.973700	
0,-1.129000	
0,-1.730800	
0,-2.735600	
0,-3.418700	
0,0.025700	
0,0.037100	
0,0.061600	
0,0.170400	
0,0.238900	
0,0.265500	
0,0.294100	
0,0.294700	
0,0.409800	
0,0.517600	
0,0.641700	
0,0.835600	
0,1.018900	
0,1.279400	
10,-3.006300	
100293,0.679100	
101491,-0.554100	
102680,0.632700	
104977,0.557800	
1054,0.723800	
106057,0.523400	
107044,0.773500	
108052,0.025400	
109163,0.951100	
111002,1.014700	
112032,-0.191100	
112960,-0.724500	
113836,-3.887600	
114613,-0.968100	
116069,2.432700	
116838,-0.199900	
117591,-0.721900	
118317,0.441700	
119024,-1.355000	
12,-1.682900	
12,2.770100	
120185,0.757500	
121018,-0.236100	
121785,-2.057200	
12382,3.312300	
124249,1.219700	
124882,-2.087400	
126009,1.147900	
127309,1.642200	
127951,0.320000	
128674,-0.433600	
130177,0.774300	
131133,-0.667000	
132079,0.535000	
132920,-0.759400	
133748,1.033200	
135235,-1.555700	
1353,5.148500	
136187,1.795900	
137156,0.018000	
138113,0.224700	
139009,0.016100	
140724,0.854500	
141851,-0.343300	
142982,0.650100	
144095,-1.099800	
145238,-0.091700	
14616,-2.893400	
148248,0.607800	
149567,-0.489400	
15,0.615100	
150961,0.967400	
152219,0.447400	
153643,0.020500	
155715,0.193100	
157064,0.504300	
158308,0.313500	
159367,0.782100	
160716,0.336200	
162,-1.576000	
162744,0.132000	
164187,-1.087400	
165657,0.741800	
166859,0.014200	
16701,2.420100	
168024,0.124400	
170114,0.033400	
171452,0.080900	
172737,-0.520600	
173769,0.744800	
174923,0.329300	
1765,-0.563400	
176807,0.385900	
178015,0.223200	
179199,0.833600	
180317,-0.016900	
181315,0.381200	
183038,-0.268400	
184128,0.547700	
185196,1.046300	
186269,-3.076800	
187242,-0.771400	
18821,0.462000	
189059,-1.187500	
190216,0.864700	
191119,-2.150000	
192335,-0.349900	
193866,0.594000	
195138,-0.191600	
196116,-0.754600	
196947,0.303300	
197885,-1.129200	
199188,-0.137300	
200125,0.601400	
201211,-2.505600	
202086,0.633900	
202931,1.909400	
204304,0.530900	
205224,-0.461100	
206191,0.652200	
207034,-0.149700	
207891,0.283900	
209340,1.227400	
210060,-1.401400	
211047,1.030600	
211965,0.365400	
212,0.664700	
212875,0.505000	
214222,0.977100	
215045,-0.624800	
216050,-0.762300	
216842,0.857600	
217718,-0.277400	
219290,-1.910300	
220218,0.108700	
221421,-0.126500	
222240,0.435900	
223157,0.014100	
224894,-1.175400	
26,-4.096900	
26613,-0.748600	
277,-5.223000	
29318,1.460200	
31,2.443600	
32070,-0.439200	
3354,2.644400	
34418,0.007500	
36707,1.130400	
37,-2.980600	
42016,-0.789300	
4289,-1.151200	
43,-5.709900	
44688,-1.732600	
47059,0.409600	
49228,-0.449000	
50,5.487600	
51360,0.856800	
5325,-1.104100	
56022,0.834800	
579,-2.327200	
58416,-1.600400	
6,3.898400	
60930,0.721300	
63140,-0.630500	
64902,-1.337700	
6541,2.780500	
68905,0.985100	
71139,-0.015300	
73847,-1.204200	
75805,0.101800	
77380,0.720900	
785,4.388700	
7932,-1.044600	
80634,0.505200	
82286,-2.360300	
84053,-1.600200	
85789,2.074000	
87377,1.192600	
90284,1.374500	
91,-4.881600	
91804,-0.869900	
93286,0.608800	
94596,-0.721900	
95884,0.251000	
98808,-0.409800	
