2019-11-04,1801.010010,1815.060059,1801.010010,1804.660034,2771900,0.0078012054,0.002026654
2019-11-05,1809.160034,1810.250000,1794.000000,1801.709961,1885500,0.008982069,-0.0041179736
2019-11-06,1801.000000,1802.500000,1788.579956,1795.770020,2029800,0.0077290637,-0.0029039313
2019-11-07,1803.760010,1805.900024,1783.479980,1788.199951,2651100,0.0124296155,-0.008626457
2019-11-08,1787.890015,1789.880005,1774.040039,1785.880005,2123300,0.008859586,-0.0011242357
2019-11-11,1778.000000,1780.000000,1767.130005,1771.650024,1946000,0.007238467,-0.0035714149
2019-11-12,1774.660034,1786.219971,1771.910034,1778.000000,2037600,0.00806348,0.0018820313
2019-11-13,1773.390015,1775.000000,1747.319946,1753.109985,2989500,0.015608554,-0.011435742
2019-11-14,1751.430054,1766.589966,1749.560059,1754.599976,2264800,0.00972343,0.0018099049
2019-11-15,1760.050049,1761.680054,1732.859985,1739.489990,3927600,0.016374573,-0.011681519
2019-11-18,1738.300049,1753.699951,1722.709961,1752.530029,2839500,0.017827757,0.008186148
2019-11-19,1756.989990,1760.680054,1743.030029,1752.790039,2270800,0.010045603,-0.002390424
2019-11-20,1749.140015,1762.520020,1734.119995,1745.530029,2790000,0.016236564,-0.002063863
2019-11-21,1743.000000,1746.869995,1730.359985,1734.709961,2662900,0.00947218,-0.00475619
2019-11-22,1739.020020,1746.430054,1731.000000,1745.719971,2479100,0.008872844,0.0038527164
2019-11-25,1753.250000,1777.420044,1753.239990,1773.839966,3486200,0.01379156,0.0117438845
2019-11-26,1779.920044,1797.030029,1778.349976,1796.939941,3181200,0.010494883,0.00956217
2019-11-27,1801.000000,1824.500000,1797.310059,1818.510010,3025600,0.015097136,0.009722382
2019-11-29,1817.780029,1824.689941,1800.790039,1800.800049,1923400,0.013147851,-0.009341054
2019-12-02,1804.400024,1805.550049,1762.680054,1781.599976,3925600,0.023758586,-0.012635806
2019-12-03,1760.000000,1772.869995,1747.229980,1769.959961,3380900,0.01456819,0.005659069
2019-12-04,1774.010010,1789.089966,1760.219971,1760.689941,2670100,0.016273862,-0.0075084516
2019-12-05,1763.500000,1763.500000,1740.000000,1740.479980,2823800,0.013325772,-0.013053598
2019-12-06,1751.199951,1754.400024,1740.130005,1751.599976,3117400,0.008148709,2.2842875E-4
2019-12-09,1750.660034,1766.890015,1745.609985,1749.510010,2442800,0.012155432,-6.56909E-4
2019-12-10,1747.400024,1750.670044,1735.000000,1739.209961,2514300,0.008967634,-0.0046869996
2019-12-11,1741.670044,1750.000000,1735.709961,1748.719971,2097600,0.008204791,0.004047797
2019-12-12,1750.000000,1764.000000,1745.439941,1760.329956,3095900,0.010605748,0.005902832
2019-12-13,1765.000000,1768.989990,1755.000000,1760.939941,2745700,0.00792634,-0.0023003165
2019-12-16,1767.000000,1769.500000,1757.050049,1769.209961,3145200,0.007045813,0.0012506853
2019-12-17,1778.010010,1792.000000,1777.390015,1790.660034,3644400,0.008217043,0.0071147094
2019-12-18,1795.020020,1798.199951,1782.359985,1784.030029,3351400,0.008824395,-0.006122489
2019-12-19,1780.500000,1792.989990,1774.060059,1792.280029,2652800,0.010631806,0.0066161356
2019-12-20,1799.619995,1802.969971,1782.449951,1786.500000,5150800,0.011402418,-0.0072904252
2019-12-23,1788.260010,1793.000000,1784.510010,1793.000000,2136400,0.0047476264,0.0026506158
2019-12-24,1793.810059,1795.569946,1787.579956,1789.209961,881300,0.0044542006,-0.0025644286
2019-12-26,1801.010010,1870.459961,1799.500000,1868.770020,6005400,0.039400093,0.03762334
2019-12-27,1882.920044,1901.400024,1866.010010,1869.800049,6186600,0.018795284,-0.006967898
2019-12-30,1874.000000,1884.000000,1840.619995,1846.890015,3674700,0.023148349,-0.014466374
2019-12-31,1842.000000,1853.260010,1832.229980,1847.839966,2506500,0.011416954,0.0031704484
2020-01-02,1875.000000,1898.010010,1864.150024,1898.010010,4029000,0.01805866,0.012272005
2020-01-03,1864.500000,1886.199951,1864.500000,1874.969971,3764400,0.011638483,0.005615431
2020-01-06,1860.000000,1903.689941,1860.000000,1902.880005,4061800,0.023489216,0.023053765
2020-01-07,1904.500000,1913.890015,1892.040039,1906.859985,4044900,0.011472815,0.0012391626
2020-01-08,1898.040039,1911.000000,1886.439941,1891.969971,3508000,0.012939694,-0.0031980718
2020-01-09,1909.890015,1917.819946,1895.800049,1901.050049,3167300,0.011529406,-0.004628521
2020-01-10,1905.369995,1906.939941,1880.000000,1883.160034,2853700,0.014138956,-0.011656508
2020-01-13,1891.310059,1898.000000,1880.800049,1891.300049,2780800,0.009094199,-5.292504E-6
2020-01-14,1885.880005,1887.109985,1858.550049,1869.439941,3440900,0.01514409,-0.008717449
2020-01-15,1872.250000,1878.859985,1855.089966,1862.020020,2896600,0.012695964,-0.0054640034
2020-01-16,1882.989990,1885.589966,1866.020020,1877.939941,2659500,0.010393017,-0.0026819308
2020-01-17,1885.890015,1886.640015,1857.250000,1864.719971,3997300,0.0155841615,-0.011225493
2020-01-21,1865.000000,1894.270020,1860.000000,1892.000000,3707800,0.018375346,0.014477212
2020-01-22,1896.089966,1902.500000,1883.339966,1887.459961,3216300,0.010105024,-0.0045514745
2020-01-23,1885.109985,1889.979980,1872.760010,1884.579956,2484600,0.00913473,-2.8116626E-4
2020-01-24,1891.369995,1894.989990,1847.439941,1861.640015,3766200,0.025140533,-0.015718754
2020-01-27,1820.000000,1841.000000,1815.339966,1828.339966,3528500,0.01409892,0.0045823986
2020-01-28,1840.500000,1858.109985,1830.020020,1853.250000,2808000,0.015262138,0.0069274656
2020-01-29,1864.000000,1874.750000,1855.020020,1858.000000,2088000,0.010584753,-0.003218884
2020-01-30,1858.000000,1872.869995,1850.609985,1870.680054,6327400,0.0119806295,0.0068245716
2020-01-31,2051.469971,2055.719971,2002.270020,2008.719971,15567300,0.026054464,-0.020838715
2020-02-03,2010.599976,2048.500000,2000.250000,2004.199951,5899100,0.023997812,-0.0031831416
2020-02-04,2029.880005,2059.800049,2015.369995,2049.669922,5289300,0.02188802,0.009749304
2020-02-05,2071.020020,2071.020020,2032.000000,2039.869995,4376200,0.018840967,-0.015040909
2020-02-06,2041.020020,2056.300049,2024.800049,2050.229980,3183000,0.01543346,0.0045124306
2020-02-07,2041.989990,2098.530029,2038.099976,2079.280029,5095300,0.029593708,0.018261617
2020-02-10,2085.010010,2135.600098,2084.959961,2133.909912,5056200,0.02428772,0.023453077
2020-02-11,2150.899902,2185.949951,2136.000000,2150.800049,5746000,0.023222815,-4.6424066E-5
2020-02-12,2163.199951,2180.250000,2155.290039,2160.000000,3334300,0.011538444,-0.0014792674
2020-02-13,2144.989990,2170.280029,2142.000000,2149.870117,3031800,0.013184224,0.0022751282
2020-02-14,2155.679932,2159.040039,2125.889893,2134.870117,2606200,0.015378047,-0.009653481
2020-02-18,2125.020020,2166.070068,2124.110107,2155.669922,2945600,0.019745678,0.014423348
2020-02-19,2167.800049,2185.100098,2161.120117,2170.219971,2561200,0.011061897,0.001116303
2020-02-20,2173.070068,2176.790039,2127.449951,2153.100098,3131300,0.022705244,-0.00918975
2020-02-21,2142.149902,2144.550049,2088.000000,2095.969971,4646300,0.026398735,-0.02155775
2020-02-24,2003.180054,2039.300049,1987.969971,2009.290039,6547000,0.025624296,0.003050143
2020-02-25,2026.420044,2034.599976,1958.420044,1972.739990,6219100,0.037593357,-0.026490092
2020-02-26,1970.280029,2014.670044,1960.449951,1979.589966,5224600,0.027518978,0.0047251843
2020-02-27,1934.380005,1975.000000,1882.760010,1884.300049,8144000,0.047684524,-0.02588941
2020-02-28,1814.630005,1889.760010,1811.130005,1883.750000,9493800,0.04333115,0.038090408
2020-03-02,1906.489990,1954.510010,1870.000000,1953.949951,6761700,0.04432754,0.024893895
2020-03-03,1975.369995,1996.329956,1888.089966,1908.989990,7534500,0.054794792,-0.033603832
2020-03-04,1946.569946,1978.000000,1922.000000,1975.829956,4772900,0.028768552,0.015031573
2020-03-05,1933.000000,1960.719971,1910.000000,1924.030029,4748200,0.026238991,-0.00464044
2020-03-06,1875.000000,1910.869995,1869.500000,1901.089966,5273600,0.022063997,0.013914648
2020-03-09,1773.859985,1862.770020,1761.290039,1800.609985,7813200,0.057208564,0.015080108
2020-03-10,1870.880005,1894.270020,1818.170044,1891.819946,7133300,0.04067603,0.011192562
2020-03-11,1857.849976,1871.319946,1801.500000,1820.859985,5624800,0.037581045,-0.019910106
2020-03-12,1721.979980,1765.000000,1675.000000,1676.609985,11346200,0.052265417,-0.026347574
2020-03-13,1755.000000,1786.310059,1680.619995,1785.000000,8809700,0.060222257,0.017094018
2020-03-16,1641.510010,1759.449951,1626.030029,1689.150024,8917300,0.08127877,0.029022068
2020-03-17,1775.469971,1857.780029,1689.239990,1807.839966,10917100,0.094927,0.01823179
2020-03-18,1750.000000,1841.660034,1745.000000,1830.000000,9645200,0.055234306,0.045714285
2020-03-19,1860.000000,1945.000000,1832.650024,1880.930054,10399900,0.060403213,0.011252717
2020-03-20,1926.310059,1957.000000,1820.729980,1846.089966,9817900,0.070741475,-0.041644435
2020-03-23,1827.750000,1919.400024,1812.000000,1902.829956,7808500,0.058760785,0.041077804
2020-03-24,1951.500000,1955.000000,1900.339966,1940.099976,7147100,0.028009241,-0.005841673
2020-03-25,1920.689941,1950.260010,1885.780029,1885.839966,6479100,0.03357126,-0.018144509
2020-03-26,1902.000000,1956.489990,1889.290039,1955.489990,6221300,0.035331205,0.028123023
2020-03-27,1930.859985,1939.790039,1899.920044,1900.099976,5387900,0.020648828,-0.01593073
2020-03-30,1922.829956,1973.630005,1912.339966,1963.949951,6126100,0.031874914,0.021385144
2020-03-31,1964.349976,1993.020020,1944.010010,1949.719971,5123600,0.024949735,-0.0074477587
2020-04-01,1932.969971,1944.959961,1893.000000,1907.699951,4121900,0.026880894,-0.013073157
2020-04-02,1901.640015,1927.530029,1890.000000,1918.829956,4336000,0.019735612,0.009039535
2020-04-03,1911.150024,1926.329956,1889.150024,1906.589966,3609900,0.019454218,-0.0023860286
2020-04-06,1936.000000,1998.520020,1930.020020,1997.589966,5773200,0.03538223,0.031813
2020-04-07,2017.109985,2035.719971,1997.619995,2011.599976,5114000,0.018888397,-0.0027316357
2020-04-08,2021.000000,2044.000000,2011.150024,2043.000000,3977300,0.016254317,0.010885701
2020-04-09,2044.300049,2053.000000,2017.660034,2042.760010,4655600,0.017287074,-7.533332E-4
2020-04-13,2040.000000,2180.000000,2038.000000,2168.870117,6716700,0.06960785,0.063171625
2020-04-14,2200.469971,2292.000000,2186.209961,2283.320068,8087200,0.04807611,0.03765109
2020-04-15,2257.679932,2333.370117,2245.000000,2307.679932,6866600,0.039142005,0.02214663
2020-04-16,2346.000000,2461.000000,2335.000000,2408.189941,12038200,0.05370844,0.026508927
2020-04-17,2372.330078,2400.000000,2316.020020,2375.000000,7930000,0.035399787,0.0011254428
2020-04-20,2389.949951,2444.979980,2386.050049,2393.610107,5770700,0.024657391,0.0015314783
2020-04-21,2416.610107,2428.310059,2279.659912,2328.120117,7476700,0.061511844,-0.036617406
2020-04-22,2369.000000,2394.000000,2351.000000,2363.489990,4218300,0.01815112,-0.00232588
2020-04-23,2399.979980,2424.219971,2382.080078,2399.449951,5066600,0.017558435,-2.2084739E-4
2020-04-24,2417.000000,2420.429932,2382.000000,2410.219971,3831800,0.015899848,-0.0028051424
2020-04-27,2443.199951,2444.879883,2363.000000,2376.000000,5645600,0.03351338,-0.027504893
2020-04-28,2372.100098,2373.500000,2306.000000,2314.080078,5269400,0.028455798,-0.024459347
2020-04-29,2330.010010,2391.889893,2310.000000,2372.709961,4591600,0.035145726,0.018326081
2020-04-30,2419.840088,2475.000000,2396.010010,2474.000000,9534600,0.032642648,0.022381607
2020-05-01,2336.800049,2362.439941,2258.189941,2286.040039,9772600,0.04461229,-0.021722017
2020-05-04,2256.379883,2326.979980,2256.379883,2315.989990,4857200,0.0312891,0.026418472
2020-05-05,2340.000000,2351.000000,2307.129883,2317.800049,3242500,0.018747913,-0.009487159
2020-05-06,2329.439941,2357.449951,2320.000000,2351.260010,3117800,0.016076805,0.009367088
2020-05-07,2374.780029,2376.000000,2343.110107,2367.610107,3396400,0.013849659,-0.0030191941
2020-05-08,2372.139893,2387.239990,2357.000000,2379.610107,3211200,0.01274798,0.003149146
2020-05-11,2374.699951,2419.669922,2372.110107,2409.000000,3253700,0.020027716,0.014443951
2020-05-12,2411.850098,2419.000000,2355.000000,2356.949951,3074900,0.026535645,-0.02276267
2020-05-13,2366.800049,2407.699951,2337.800049,2367.919922,4782900,0.029533505,4.7315913E-4
2020-05-14,2361.010010,2391.370117,2353.209961,2388.850098,3648100,0.016162641,0.011791601
2020-05-15,2368.520020,2411.000000,2356.370117,2409.780029,4235000,0.023064986,0.017420165
2020-05-18,2404.350098,2433.000000,2384.010010,2426.260010,4366600,0.020375565,0.009112613
2020-05-19,2429.830078,2485.000000,2428.969971,2449.330078,4320500,0.023059238,0.008025252
2020-05-20,2477.870117,2500.010010,2467.270020,2497.939941,3998100,0.0132129565,0.008099627
2020-05-21,2500.000000,2525.449951,2442.540039,2446.739990,5114400,0.033163965,-0.021304004
2020-05-22,2455.010010,2469.850098,2430.129883,2436.879883,2867100,0.016179247,-0.0073849503
2020-05-26,2458.000000,2462.000000,2414.060059,2421.860107,3568200,0.019503638,-0.014702966
2020-05-27,2404.989990,2413.580078,2330.000000,2410.389893,5056900,0.034752775,0.002245291
2020-05-28,2384.330078,2436.969971,2378.229980,2401.100098,3190200,0.024635846,0.0070334305
2020-05-29,2415.939941,2442.370117,2398.199951,2442.370117,3529300,0.018282808,0.010939914
2020-06-01,2448.000000,2476.929932,2444.169922,2471.040039,2928900,0.013382357,0.009411781
2020-06-02,2467.000000,2473.530029,2445.310059,2472.409912,2529900,0.011438983,0.0021929112
2020-06-03,2468.010010,2488.000000,2461.169922,2478.399902,2671000,0.010871138,0.004209826
2020-06-04,2477.429932,2507.540039,2450.010010,2460.600098,2948700,0.023221657,-0.0067932634
2020-06-05,2444.510010,2488.649902,2437.129883,2483.000000,3306400,0.021075806,0.015745483
2020-06-08,2500.199951,2530.000000,2487.340088,2524.060059,3970700,0.0170626,0.00954328
2020-06-09,2529.439941,2626.429932,2525.000000,2600.860107,5176000,0.04009976,0.028235566
2020-06-10,2645.000000,2722.350098,2626.260010,2647.449951,4946000,0.036328956,9.262575E-4
2020-06-11,2603.500000,2671.379883,2536.229980,2557.959961,5800100,0.05191085,-0.017491853
2020-06-12,2601.209961,2621.479980,2503.350098,2545.020020,5429600,0.045413435,-0.021601463
2020-06-15,2526.600098,2584.000000,2508.000000,2572.679932,3865100,0.030079948,0.018237881
2020-06-16,2620.000000,2620.000000,2576.000000,2615.270020,3585600,0.016793894,-0.0018053361
2020-06-17,2647.500000,2655.000000,2631.820068,2640.979980,2951100,0.008755404,-0.002462708
2020-06-18,2647.010010,2659.639893,2636.110107,2653.979980,2487800,0.008889194,0.0026331486
2020-06-19,2678.080078,2697.429932,2659.000000,2675.010010,5777000,0.014349807,-0.0011463691
2020-06-22,2684.500000,2715.000000,2669.000000,2713.820068,3208800,0.017135408,0.010921985
2020-06-23,2726.020020,2783.110107,2718.040039,2764.409912,4231700,0.02386999,0.014082762
2020-06-24,2780.000000,2796.000000,2721.000000,2734.399902,4526600,0.026978416,-0.016402913
2020-06-25,2739.550049,2756.229980,2712.139893,2754.580078,2968700,0.016093915,0.0054863133
2020-06-26,2775.060059,2782.570068,2688.000000,2692.870117,6500800,0.03407857,-0.029617356
2020-06-29,2690.010010,2696.800049,2630.080078,2680.379883,4223400,0.024802871,-0.0035799595
2020-06-30,2685.070068,2769.629883,2675.030029,2758.820068,3769700,0.0352318,0.027466694
2020-07-01,2757.989990,2895.000000,2754.000000,2878.699951,6363400,0.05112419,0.043767367
2020-07-02,2912.010010,2955.560059,2871.100098,2890.300049,6593400,0.029004008,-0.0074553182
2020-07-06,2934.969971,3059.879883,2930.000000,3057.040039,6880600,0.04425254,0.04159159
2020-07-07,3058.550049,3069.550049,2990.000000,3000.120117,5257500,0.026009072,-0.0191038
2020-07-08,3022.610107,3083.969971,3012.429932,3081.110107,5037600,0.023668298,0.019354133
2020-07-09,3115.989990,3193.879883,3074.000000,3182.629883,6388700,0.038472485,0.021386428
2020-07-10,3191.760010,3215.000000,3135.699951,3200.000000,5486000,0.024845243,0.0025816446
2020-07-13,3251.060059,3344.290039,3068.389893,3104.000000,7720400,0.084864676,-0.045234494
2020-07-14,3089.000000,3127.379883,2950.000000,3084.000000,7231900,0.057423078,-0.0016186468
2020-07-15,3080.229980,3098.350098,2973.179932,3008.870117,5788900,0.04063663,-0.023167057
2020-07-16,2971.060059,3032.000000,2918.229980,2999.899902,6394200,0.038292736,0.009706921
2020-07-17,3009.000000,3024.000000,2948.449951,2961.969971,4761300,0.025108026,-0.015629787
2020-07-20,3000.199951,3201.360107,2994.020020,3196.840088,7598200,0.069108754,0.06554234
2020-07-21,3232.489990,3240.580078,3105.719971,3138.290039,6135000,0.041720193,-0.029141607
2020-07-22,3125.000000,3150.000000,3065.260010,3099.909912,4104200,0.027116796,-0.008028829
2020-07-23,3098.270020,3098.270020,2970.000000,2986.550049,5656900,0.04140053,-0.036058825
2020-07-24,2930.000000,3031.580078,2888.000000,3008.909912,5632400,0.04900344,0.02693171
2020-07-27,3062.000000,3098.000000,3015.770020,3055.209961,4170500,0.02685499,-0.0022175177
2020-07-28,3054.270020,3077.090088,2995.760010,3000.330078,3126700,0.02662832,-0.017660502
2020-07-29,3030.989990,3039.159912,2996.770020,3033.530029,2974100,0.013985494,8.380229E-4
2020-07-30,3014.000000,3092.000000,3005.000000,3051.879883,6128300,0.028865295,0.012567977
2020-07-31,3244.000000,3246.820068,3151.000000,3164.679932,8085500,0.02953763,-0.024451315
2020-08-03,3180.510010,3184.000000,3104.000000,3111.889893,5074700,0.0251532,-0.021575194
2020-08-04,3101.209961,3167.239990,3101.209961,3138.830078,4694300,0.0212917,0.012130787
2020-08-05,3143.770020,3213.590088,3127.300049,3205.030029,3930000,0.027447948,0.019486161
2020-08-06,3194.360107,3247.469971,3165.429932,3225.000000,3940600,0.025682777,0.009591872
2020-08-07,3224.010010,3240.810059,3140.669922,3167.459961,3929600,0.03106074,-0.017540284
2020-08-10,3170.310059,3172.510010,3101.520020,3148.159912,3167300,0.022392128,-0.0069867447
2020-08-11,3113.199951,3159.219971,3073.000000,3080.669922,3718100,0.027694967,-0.010449065
2020-08-12,3108.000000,3174.389893,3101.419922,3162.239990,3527200,0.023478111,0.017451735
2020-08-13,3182.989990,3217.520020,3155.000000,3161.020020,3149000,0.019641915,-0.006902306
2020-08-14,3178.179932,3178.239990,3120.000000,3148.020020,2751700,0.01832495,-0.009489681
2020-08-17,3173.120117,3194.969971,3154.179932,3182.409912,2691200,0.012854868,0.002927653
2020-08-18,3212.000000,3320.000000,3205.820068,3312.489990,5346000,0.035547923,0.0312858
2020-08-19,3303.010010,3315.899902,3256.000000,3260.479980,4185100,0.018134944,-0.012876143
2020-08-20,3252.000000,3312.620117,3238.000000,3297.370117,3332500,0.022945916,0.013951451
2020-08-21,3295.000000,3314.399902,3275.389893,3284.719971,3575900,0.011839153,-0.0031198876
2020-08-24,3310.149902,3380.320068,3257.560059,3307.459961,4666300,0.037085935,-8.126343E-4
2020-08-25,3294.989990,3357.399902,3267.000000,3346.489990,3992800,0.027435562,0.015629789
2020-08-26,3351.110107,3451.739990,3344.570068,3441.850098,6508700,0.031980425,0.027077591
2020-08-27,3450.050049,3453.000000,3378.000000,3400.000000,4264800,0.021738814,-0.01450705
2020-08-28,3423.000000,3433.370117,3386.500000,3401.800049,2897000,0.013692701,-0.006193383
2020-08-31,3408.989990,3495.000000,3405.000000,3450.959961,4185900,0.026400782,0.012311555
2020-09-01,3489.580078,3513.870117,3467.000000,3499.120117,3476400,0.013431449,0.0027338646
2020-09-02,3547.000000,3552.250000,3486.689941,3531.449951,3931500,0.018483242,-0.0043840003
2020-09-03,3485.000000,3488.409912,3303.000000,3368.000000,8161100,0.05320227,-0.033572454
2020-09-04,3318.000000,3381.500000,3111.129883,3294.620117,8781800,0.08148587,-0.007046378
2020-09-08,3144.000000,3250.850098,3130.000000,3149.840088,6094200,0.038438328,0.0018575343
2020-09-09,3202.989990,3303.179932,3185.000000,3268.610107,5188700,0.036896754,0.020487145
2020-09-10,3307.219971,3349.889893,3170.550049,3175.110107,5330700,0.054226767,-0.039945897
2020-09-11,3208.689941,3217.340088,3083.979980,3116.219971,5094000,0.041562166,-0.028818605
2020-09-14,3172.939941,3187.389893,3096.000000,3102.969971,4529600,0.028802907,-0.022052094
2020-09-15,3136.159912,3175.020020,3108.919922,3156.129883,4021500,0.021076763,0.006367651
2020-09-16,3179.989990,3187.239990,3074.149902,3078.100098,4512200,0.035563033,-0.032040946
2020-09-17,3009.250000,3029.429932,2972.550049,3008.729980,6449100,0.018901682,-1.7280702E-4
2020-09-18,3031.739990,3037.800049,2905.540039,2954.909912,8892600,0.043625116,-0.02534191
2020-09-21,2906.500000,2962.000000,2871.000000,2960.469971,6117900,0.031309135,0.018568715
2020-09-22,3033.840088,3133.989990,3000.199951,3128.989990,6948800,0.044099238,0.03136286
2020-09-23,3120.429932,3127.000000,2992.379883,2999.860107,5652700,0.04314153,-0.03863885
2020-09-24,2977.790039,3069.300049,2965.000000,3019.790039,5529400,0.03502599,0.014104419
2020-09-25,3054.860107,3101.540039,2999.000000,3095.129883,4615200,0.0335662,0.0131822
2020-09-28,3148.850098,3175.040039,3117.169922,3174.050049,4224200,0.018378174,0.008002906
2020-09-29,3175.389893,3188.260010,3132.540039,3144.879883,3495800,0.017547442,-0.0096082715
2020-09-30,3141.139893,3212.879883,3133.989990,3148.729980,4883400,0.025115052,0.0024163483
2020-10-01,3208.000000,3224.000000,3172.000000,3221.260010,4971900,0.016209476,0.0041334196
2020-10-02,3153.629883,3195.800049,3123.000000,3125.000000,5613100,0.023084525,-0.00907839
2020-10-05,3145.840088,3202.530029,3140.850098,3199.199951,3775300,0.019606823,0.01696204
2020-10-06,3165.000000,3182.000000,3090.000000,3099.959961,5086900,0.02906793,-0.020549776
2020-10-07,3135.000000,3200.000000,3132.389893,3195.689941,4309400,0.021566223,0.019358832
2020-10-08,3224.989990,3233.290039,3174.989990,3190.550049,3174100,0.018077591,-0.010679085
2020-10-09,3210.000000,3288.989990,3197.830078,3286.649902,4907900,0.028398726,0.023878474
2020-10-12,3349.939941,3496.239990,3339.550049,3442.929932,8364200,0.046773955,0.027758704
2020-10-13,3467.989990,3492.379883,3424.219971,3443.629883,5744700,0.019654011,-0.007024273
2020-10-14,3447.000000,3464.879883,3340.000000,3363.709961,5828900,0.03622857,-0.024163052
2020-10-15,3292.010010,3355.879883,3280.000000,3338.649902,5223400,0.023049712,0.014167603
2020-10-16,3363.229980,3399.659912,3160.000000,3272.709961,6474400,0.07125885,-0.02691461
2020-10-19,3299.610107,3329.000000,3192.739990,3207.209961,5223600,0.041295793,-0.028003354
2020-10-20,3222.280029,3266.000000,3192.010010,3217.010010,4509700,0.022961998,-0.001635494
2020-10-21,3212.500000,3233.879883,3160.000000,3184.939941,4592700,0.022997629,-0.008579006
2020-10-22,3189.870117,3198.750000,3121.939941,3176.399902,4212000,0.02407937,-0.00422281
2020-10-23,3191.000000,3205.330078,3140.000000,3204.399902,3466700,0.02047323,0.00419928
2020-10-26,3198.739990,3282.979980,3153.300049,3207.040039,5901200,0.04054094,0.002594787
2020-10-27,3224.939941,3291.659912,3211.300049,3286.330078,4291000,0.02491825,0.019036056
2020-10-28,3249.300049,3264.020020,3162.469971,3162.780029,5588300,0.0312529,-0.02662728
2020-10-29,3201.270020,3257.250000,3164.000000,3211.010010,6596500,0.029129064,0.0030425393
2020-10-30,3157.750000,3167.000000,3019.000000,3036.149902,8386400,0.046868816,-0.038508464
2020-11-02,3061.739990,3079.709961,2950.120117,3004.479980,7257400,0.042325556,-0.018701788