1,0.396900	
1,0.532400	
1,0.754300	
1018,5.281400	
1018846,2.077000	
102900,3.751800	
104,4.901000	
1045401,1.463100	
1075758,1.311500	
11,0.802000	
11,1.013100	
1109728,1.654900	
1187304,1.647900	
12,0.405700	
12,0.578600	
12,0.716700	
1211011,1.208800	
1235519,1.507400	
12393,6.149600	
125,5.170100	
1263,4.189600	
1263995,0.883900	
1291643,1.006600	
13,0.680700	
13,1.039400	
1354449,1.399800	
1376749,2.593300	
1397894,2.826000	
14,0.348600	
1424856,3.083200	
1451093,1.704300	
15,0.430400	
15,0.730000	
1515593,1.861100	
1536570,1.419700	
1559640,0.902600	
1585373,1.344500	
1609172,0.785900	
161,3.171300	
163955,3.381000	
1668,6.921300	
1689467,1.116800	
1708211,2.205200	
1730723,1.485900	
1755271,1.671300	
18012,6.474300	
1821199,1.008300	
1841990,0.960300	
1861977,1.033900	
1883593,1.237300	
188461,2.686400	
1912302,1.513300	
1971641,1.160300	
1990446,0.921200	
2,1.549600	
2013298,1.300200	
2036500,3.971100	
2061993,3.384800	
2126574,3.811300	
2151459,2.471700	
215391,3.012700	
2177114,1.056400	
2205173,0.854100	
2224,8.519900	
2236009,2.306200	
228,2.705400	
2324879,1.342100	
2359939,0.885100	
2396928,2.661200	
2438101,2.042900	
245108,3.149400	
2483629,2.248500	
25,0.434600	
25,0.575800	
2604932,1.793900	
2653321,2.087700	
27,1.423800	
2703296,0.878000	
2758855,1.313400	
277426,3.110200	
2958098,0.865200	
30,0.961500	
3012182,1.301800	
3071637,1.118600	
311,2.856600	
3131526,2.017500	
3199753,1.605100	
3379846,2.679800	
3445448,2.333300	
3513790,1.163100	
3589477,0.679500	
3660400,0.864400	
369057,3.967000	
3845014,1.347600	
3910291,0.903200	
3980030,0.805600	
399394,3.623000	
4050036,1.752300	
4123561,0.845400	
43,1.386300	
4303735,0.844100	
431214,3.629400	
43505,4.752700	
4366851,0.851800	
4433633,1.162600	
45,3.958700	
4502581,1.447800	
4507,7.256700	
4571669,1.587200	
465913,2.024100	
4726775,0.553500	
4780324,0.622200	
4834047,0.403900	
4891561,0.989700	
4952718,0.713200	
5,0.656000	
5,0.749900	
5,1.000200	
5103611,0.829800	
5156968,1.619100	
5211246,0.966500	
5265307,0.708300	
5324784,0.500800	
53938,4.490200	
5455187,0.247600	
5498420,0.735500	
5541433,0.880800	
5587475,1.074600	
5636491,0.609900	
5754254,0.554700	
5793385,0.534600	
5838532,1.070200	
584018,2.202700	
5884366,0.947700	
5930930,0.712800	
6,1.323800	
60,2.341500	
60,3.907900	
6045455,0.613200	
6089504,0.953100	
610709,1.666600	
6121948,1.492200	
6168342,3.855500	
6220446,3.750300	
6346806,1.503600	
6380138,1.719100	
640742,1.443000	
6418198,2.821900	
6465766,1.744300	
65,3.561300	
6575100,1.170500	
6614317,0.887100	
6653585,1.303600	
6698895,1.384900	
672355,1.507100	
6747782,2.081100	
68572,6.668200	
6880899,1.718700	
6918290,1.497700	
6959841,2.734200	
7,2.061000	
7005043,2.146500	
703864,1.700700	
7059624,2.423500	
7176979,0.834800	
7220676,0.906600	
7262734,1.588900	
7309152,1.057000	
7362732,1.360000	
748,4.520400	
7507956,1.256200	
7550841,2.259500	
7603856,1.232100	
7660231,0.557000	
7719190,0.701500	
784991,1.706100	
7863637,1.435400	
7917996,0.938000	
7977889,1.348000	
8043229,1.395300	
810505,2.098500	
8113706,1.010700	
8279780,2.361100	
8340387,1.200200	
8350,7.102400	
839336,1.404300	
8404616,0.924400	
8479704,1.314200	
85570,5.448800	
8564812,0.750700	
873112,1.801900	
8777723,2.224700	
909853,1.811500	
994193,1.220100	
