1,-0.007200	
1,-0.248300	
1,0.294700	
1018,2.443600	
1018846,-1.600400	
102900,-0.563400	
104,3.898400	
1045401,0.721300	
1075758,-0.630500	
11,0.409800	
11,0.517600	
1109728,-1.337700	
1187304,0.985100	
12,-0.234700	
12,0.025700	
12,0.294100	
1211011,-0.015300	
1235519,-1.204200	
12393,0.664700	
125,-3.006300	
1263,-2.980600	
1263995,0.101800	
1291643,0.720900	
13,-0.241200	
13,1.018900	
1354449,0.505200	
1376749,-2.360300	
1397894,-1.600200	
14,0.265500	
1424856,2.074000	
1451093,1.192600	
15,0.061600	
15,0.238900	
1515593,1.374500	
1536570,-0.869900	
1559640,0.608800	
1585373,-0.721900	
1609172,0.251000	
161,2.770100	
163955,2.644400	
1668,-5.709900	
1689467,-0.409800	
1708211,0.679100	
1730723,-0.554100	
1755271,0.632700	
18012,-5.223000	
1821199,0.557800	
1841990,0.523400	
1861977,0.773500	
1883593,0.025400	
188461,-1.151200	
1912302,0.951100	
1971641,1.014700	
1990446,-0.191100	
2,-1.129000	
2013298,-0.724500	
2036500,-3.887600	
2061993,-0.968100	
2126574,2.432700	
2151459,-0.199900	
215391,-1.104100	
2177114,-0.721900	
2205173,0.441700	
2224,5.487600	
2236009,-1.355000	
228,-1.682900	
2324879,0.757500	
2359939,-0.236100	
2396928,-2.057200	
2438101,1.219700	
245108,2.780500	
2483629,-2.087400	
25,0.037100	
25,0.170400	
2604932,1.147900	
2653321,1.642200	
27,-0.213600	
2703296,0.320000	
2758855,-0.433600	
277426,-1.044600	
2958098,0.774300	
30,-0.677000	
3012182,-0.667000	
3071637,0.535000	
311,0.615100	
3131526,-0.759400	
3199753,1.033200	
3379846,-1.555700	
3445448,1.795900	
3513790,0.018000	
3589477,0.224700	
3660400,0.016100	
369057,3.312300	
3845014,0.854500	
3910291,-0.343300	
3980030,0.650100	
399394,-2.893400	
4050036,-1.099800	
4123561,-0.091700	
43,-0.973700	
4303735,0.607800	
431214,2.420100	
43505,-2.327200	
4366851,-0.489400	
4433633,0.967400	
45,-3.418700	
4502581,0.447400	
4507,-4.881600	
4571669,0.020500	
465913,0.462000	
4726775,0.193100	
4780324,0.504300	
4834047,0.313500	
4891561,0.782100	
4952718,0.336200	
5,-0.108700	
5,-0.488200	
5,0.641700	
5103611,0.132000	
5156968,-1.087400	
5211246,0.741800	
5265307,0.014200	
5324784,0.124400	
53938,4.388700	
5455187,0.033400	
5498420,0.080900	
5541433,-0.520600	
5587475,0.744800	
5636491,0.329300	
5754254,0.385900	
5793385,0.223200	
5838532,0.833600	
584018,-0.748600	
5884366,-0.016900	
5930930,0.381200	
6,0.835600	
60,-0.748800	
60,-2.735600	
6045455,-0.268400	
6089504,0.547700	
610709,1.460200	
6121948,1.046300	
6168342,-3.076800	
6220446,-0.771400	
6346806,-1.187500	
6380138,0.864700	
640742,-0.439200	
6418198,-2.150000	
6465766,-0.349900	
65,1.279400	
6575100,0.594000	
6614317,-0.191600	
6653585,-0.754600	
6698895,0.303300	
672355,0.007500	
6747782,-1.129200	
68572,0.723800	
6880899,-0.137300	
6918290,0.601400	
6959841,-2.505600	
7,-1.730800	
7005043,0.633900	
703864,1.130400	
7059624,1.909400	
7176979,0.530900	
7220676,-0.461100	
7262734,0.652200	
7309152,-0.149700	
7362732,0.283900	
748,-4.096900	
7507956,1.227400	
7550841,-1.401400	
7603856,1.030600	
7660231,0.365400	
7719190,0.505000	
784991,-0.789300	
7863637,0.977100	
7917996,-0.624800	
7977889,-0.762300	
8043229,0.857600	
810505,-1.732600	
8113706,-0.277400	
8279780,-1.910300	
8340387,0.108700	
8350,-1.576000	
839336,0.409600	
8404616,-0.126500	
8479704,0.435900	
85570,5.148500	
8564812,0.014100	
873112,-0.449000	
8777723,-1.175400	
909853,0.856800	
994193,0.834800	
